Theta=[
1.336320524
2.430760938
3.186183424
2.929725995
6.213263646
0.493514106
2.900931871
5.807596525
2.692063162
1.776097281
1.754974824
1.908814859
2.934403090
2.433950241
4.586366233
1.092549974
3.128605208
2.375593246
3.140376756
1.906182230
6.212624074
6.242525117
0.506182285
5.537452733
1.154921695
1.186081275
4.810169921
1.697880506
1.872478322
0.322352718
5.961457047
0.899825019
1.703493458
1.208582451
3.188087579
3.251107337
0.247205658
6.176882099
0.617910753
5.460923678
2.614265150
3.240169228
2.039207416
3.090808954
0.162489335
0.655687215
0.226369177
3.460087143
0.880945285
0.304088825
2.739853348
4.798445849
5.885191711
0.371370342
0.055304849
1.558053016
0.383710765
0.873305898
4.136565979
1.181794796
2.594028524
1.989855062
6.174407457
1.743470849
2.166891859];

Phi=[
3.423362913
2.826381003
2.708081285
0.248794522
4.613364592
2.083569581
1.018363075
4.465569896
1.181006448
3.827872242
5.938685897
2.794655537
6.017305177
6.185360202
1.846219136
5.956471224
2.844884050
3.299801439
0.247058607
0.486119562
2.087346513
2.445293049
3.150752705
0.312130927
3.636853978
0.231614060
1.283884915
2.273762071
3.625916508
1.469863571
4.523210029
2.389849034
3.024890621
5.402427473
2.153070731
1.534736982
0.207903885
2.756691789
1.484059009
5.293827117
3.855430994
2.726721575
2.627906790
0.804301827
6.254504492
5.921669736
4.634125197
3.500823375
3.672610109
1.816135301
2.251890061
4.181677507
2.438407643
1.356497420
2.185432123
1.321073459
2.013755427
1.081463135
4.795505155
5.859897281
0.025340836
1.392089199
6.235235433
5.271915607
0.817296594];