1.970408213836194727e-03 7.331534066511265907e-03 1.172958280755199700e-01 7.356633797953562870e-02 1.860571723815447331e-01 1.132234405672245259e-01 7.024084320848833496e-02
1.910695550592882716e-03 6.997988756487204601e-03 1.122861424277774994e-01 7.084182259506588419e-02 1.757598413107907542e-01 1.037922321457888236e-01 6.481929057582223874e-02
1.855243656725947404e-03 6.684190402906182819e-03 1.073568884499281340e-01 6.812849699937177650e-02 1.660122742347056868e-01 9.518939008768527443e-02 5.986783421752442380e-02
1.802165949129430969e-03 6.384738973509519570e-03 1.027200034873591850e-01 6.557235249549517309e-02 1.568690934241764035e-01 8.739738316821811515e-02 5.536036075317812138e-02
1.750917127860445593e-03 6.097954494761049886e-03 9.829215240594316172e-02 6.307206030604098346e-02 1.480969416068935729e-01 8.027188558104064731e-02 5.121828493683840133e-02
1.702291986088346918e-03 5.825016025038707787e-03 9.398794133596881373e-02 6.065403481963282245e-02 1.399256209331085077e-01 7.378445813629186389e-02 4.741512545861361477e-02
1.655028704589936103e-03 5.563630684139292924e-03 8.996982958732205327e-02 5.835465203030850562e-02 1.321135226343680968e-01 6.785611316166015317e-02 4.397870573501506952e-02
1.610162057735897712e-03 5.312722505428546863e-03 8.601913281176699899e-02 5.611666931103003603e-02 1.248330007107216200e-01 6.246214702508779554e-02 4.077571928129135326e-02
1.566095228392735050e-03 5.071879247607592907e-03 8.230819891348098438e-02 5.397844586020071611e-02 1.179327075505640920e-01 5.753437789577305755e-02 3.785681610924446217e-02
1.524595311173833996e-03 4.845193478359341097e-03 7.875454136000531458e-02 5.192067923423097919e-02 1.114875391842208296e-01 5.301536052850333580e-02 3.516085532316919754e-02
1.484605446991194011e-03 4.627529012422388656e-03 7.532911604246858572e-02 4.991846572757603628e-02 1.053392716716315541e-01 4.891931675370653904e-02 3.271045816943366630e-02
