3.489897644387544157e-02 6.630616199378840114e-02 1.658495918393805210e-02 9.816542930050721483e-03 1.984709165032362277e-01 1.197515487912409193e-01 4.414926022228695540e-02
3.060331436071066571e-02 5.745570663605491929e-02 1.523939455155515557e-02 9.339704467462238077e-03 1.854843945294988306e-01 1.136088880175652321e-01 4.258583185242072189e-02
2.678935954445033421e-02 4.977192085935924076e-02 1.403240074603043924e-02 8.909267716319606289e-03 1.734391663137142825e-01 1.079060056230876224e-01 4.111974426155854540e-02
2.348996263025156239e-02 4.312701215787927839e-02 1.291493365409590414e-02 8.502297023518796959e-03 1.622029881595474787e-01 1.025515656599838704e-01 3.972416443106446121e-02
2.057404963456827690e-02 3.737331119012306940e-02 1.188553193228497964e-02 8.114078464638095622e-03 1.517230681168245943e-01 9.749960020817846629e-02 3.839780407505235388e-02
1.806847012747244546e-02 3.245614022615795485e-02 1.096684542885359263e-02 7.764376545251698743e-03 1.420600023101482590e-01 9.287401151055423021e-02 3.715863694951662688e-02
1.584861678127766002e-02 2.816092787952812274e-02 1.011872754919524928e-02 7.434408237716157511e-03 1.330142977804310567e-01 8.849442479868821487e-02 3.598193141985919080e-02
1.390869035049758368e-02 2.445667566104457735e-02 9.337974115401692296e-03 7.116118006071506415e-03 1.245560077187485987e-01 8.439127097036054626e-02 3.486283328232264028e-02
1.221816049744140972e-02 2.125544899638387095e-02 8.634214063623541630e-03 6.826483825734055294e-03 1.167128235001904241e-01 8.055092312723816095e-02 3.381073317879596668e-02
1.073156968178905560e-02 1.847399282012221478e-02 7.973910225496110352e-03 6.540735332616461062e-03 1.094122390397963274e-01 7.696423466095898835e-02 3.280765402044052287e-02
9.440255029792593566e-03 1.607595648400347507e-02 7.380737508370432617e-03 6.283970589835357473e-03 1.025184592921455778e-01 7.353860194718475629e-02 3.185258276240102160e-02
