9.211674806984376448e-03 4.539178123921263491e-02 1.993926277840296357e-01 1.022047126664709371e-01 1.334488445986638586e-02 2.205466586073440149e-02 1.621242808227427445e-01
8.548702067734044105e-03 4.110016852005848181e-02 1.827493128280653356e-01 9.116817087187188695e-02 1.175953165412846856e-02 1.899492832093892594e-02 1.433529386502356839e-01
7.941041147308293413e-03 3.727957373492459675e-02 1.677113383648505818e-01 8.138298324244581938e-02 1.037256071584510310e-02 1.636667379330354263e-02 1.268183940570964396e-01
7.381278450874588330e-03 3.383520196665026208e-02 1.539149671196944902e-01 7.269796313441520552e-02 9.157497100798875009e-03 1.411381535066233602e-02 1.122810323556220902e-01
6.859186662305714367e-03 3.070706105232427763e-02 1.413838888670521099e-01 6.498404426260823152e-02 8.093840302290338309e-03 1.219444883669140028e-02 9.955649139647651524e-02
6.379726556500149408e-03 2.788509789715665210e-02 1.299610364243357630e-01 5.820700458646716619e-02 7.150959029913834565e-03 1.052064471959371188e-02 8.827343768476701713e-02
5.933290908263652574e-03 2.533779977384916990e-02 1.194665313615902169e-01 5.209291596477572117e-02 6.333063840831405257e-03 9.102788244689984098e-03 7.838003849388586186e-02
5.518670057551998583e-03 2.301603516140931366e-02 1.098460458898825320e-01 4.668300844417497264e-02 5.609287728399515310e-03 7.880154206605458761e-03 6.964757632044529800e-02
5.134565538315807517e-03 2.091722261222858995e-02 1.010683678323047591e-01 4.188487697323525771e-02 4.975250463562878693e-03 6.827259618200689877e-03 6.195251298277884566e-02
4.778206874153844048e-03 1.902141252272920163e-02 9.303164603797763055e-02 3.759533278067729578e-02 4.415339904852130619e-03 5.920018350870010979e-03 5.512910378682205070e-02
4.450403343154347297e-03 1.731085817556896403e-02 8.567356744025368676e-02 3.375647304569557444e-02 3.919848175894778859e-03 5.139527772353804681e-03 4.911398627219572266e-02
