9.999999999999998890e-01 9.999999999999995559e-01 9.999999999999995559e-01 9.999999999999995559e-01 9.999999999999998890e-01 9.999999999999998890e-01 9.999999999999998890e-01 9.999999999999986677e-01 1.000000000000000000e+00
9.838291581345849357e-01 9.866210723933225291e-01 9.877148430851648842e-01 9.944438822565473401e-01 9.829018937838942538e-01 9.947842281535572706e-01 9.867281374183038967e-01 9.868368939107095006e-01 9.841168834666254028e-01
9.686617158836350328e-01 9.747850456587439094e-01 9.750903422501531193e-01 9.891006252288414569e-01 9.677158363152831289e-01 9.894945049899299683e-01 9.749678569994325583e-01 9.742065180373111755e-01 9.679144081242139208e-01
9.523664673927709767e-01 9.623770141538195988e-01 9.626659633232893531e-01 9.836043705143597826e-01 9.523248345503357859e-01 9.841900109514339912e-01 9.626843458131291165e-01 9.619606176185226953e-01 9.520282215852154950e-01
9.355475385663111210e-01 9.503329992041406049e-01 9.488919990935602566e-01 9.778696508951366662e-01 9.378666249573732738e-01 9.794327736436158061e-01 9.497547703198515601e-01 9.504401565766691373e-01 9.360625162157749646e-01
9.215785161076376353e-01 9.374480246417296048e-01 9.389878398459796660e-01 9.731776203451888430e-01 9.236155308273475972e-01 9.722268895705223901e-01 9.385026929105002580e-01 9.395662352622372593e-01 9.231069968858377495e-01
9.080815182747753456e-01 9.269335208264867232e-01 9.258586289137976655e-01 9.670993249464390207e-01 9.079973474111848741e-01 9.676240455963462939e-01 9.292197817904350732e-01 9.265215893708993455e-01 9.076198282208230994e-01
8.964096968014482192e-01 9.155672871979270155e-01 9.163883285025427039e-01 9.624427024760107141e-01 8.934600019001129878e-01 9.625535851902203843e-01 9.151710267753760952e-01 9.132170016050518146e-01 8.915857085114525793e-01
8.818925877340645370e-01 9.063490888669964995e-01 9.042239022524291014e-01 9.575187797073131390e-01 8.800247162390532063e-01 9.574142554542911521e-01 9.020351511013412482e-01 9.043964034335058022e-01 8.805155766416351559e-01
8.653366316421733373e-01 8.926013134251560288e-01 8.942545087752871158e-01 9.522081278663843129e-01 8.668200053072413480e-01 9.524598205443782772e-01 8.953991228650902690e-01 8.954224605314248242e-01 8.685034357959106055e-01
8.495832769396878259e-01 8.812982619594729172e-01 8.830197519146634200e-01 9.496210926073649361e-01 8.566476735772015072e-01 9.477777083115078716e-01 8.826269895060979698e-01 8.829914915579228918e-01 8.541361802595642816e-01
