5.870520493901345751e-225 1.389113525855480082e-160 2.453801778558262360e-96 1.936284316082745154e-32 7.535048830237042194e-01 3.253631073039926389e-33 3.253631073039926389e-33
5.277352219085238341e-225 1.211965359072797391e-160 2.158371236176494801e-96 1.687952529532180047e-32 6.880466274608612043e-01 3.108007374791232813e-33 3.108007374791232813e-33
4.750896584936184393e-225 1.049235828415804572e-160 1.863390570579851921e-96 1.483981643938042160e-32 6.261238892354225039e-01 2.948783459124411127e-33 2.948783459124411127e-33
4.230792040048015832e-225 9.188097845908015708e-161 1.633464719480718517e-96 1.295760134632845704e-32 5.723747655420663438e-01 2.824680102110038972e-33 2.824680102110038972e-33
3.783022665708217732e-225 7.950531146349666989e-161 1.419586092961010621e-96 1.123932199067435841e-32 5.223469359469411488e-01 2.696155633171364852e-33 2.696155633171364852e-33
3.409860764561610270e-225 6.937035613309685277e-161 1.232671844592179970e-96 9.863784227410086038e-33 4.774685784744930328e-01 2.582112144896412494e-33 2.582112144896412494e-33
3.046110610406574261e-225 6.044531238614315960e-161 1.079406505792566679e-96 8.525219652798451117e-33 4.370338207991100732e-01 2.459409548054370536e-33 2.459409548054370536e-33
2.720766659965327715e-225 5.279281645833640499e-161 9.395691750202754109e-97 7.402344910936306031e-33 3.946811925581812375e-01 2.352698383625292675e-33 2.352698383625292675e-33
2.439380554696504681e-225 4.575072151387807854e-161 8.224278155912812738e-97 6.412854118932210172e-33 3.612899947422605895e-01 2.248577390792266817e-33 2.248577390792266817e-33
2.185347862628965339e-225 4.009621027189789159e-161 7.124747079010631958e-97 5.661039367740579242e-33 3.254495699209281057e-01 2.149318561873064953e-33 2.149318561873064953e-33
1.956304788051087540e-225 3.511432747351318344e-161 6.209033591413089653e-97 4.889884309560637196e-33 3.003914875945917218e-01 2.045833451469661433e-33 4.920772855440104377e-33
