5.875866662744214097e-02 7.025486075015992260e-02 1.132895599119308344e-01 1.861644947486730262e-01 7.361462852602961016e-02 1.174127116151386929e-01 7.334665825429494482e-03
5.565279366024304675e-02 6.481075305794690988e-02 1.037683821394378147e-01 1.757037153511252225e-01 7.079344227821306179e-02 1.122464958843401028e-01 7.002480575188864582e-03
5.278676340108039849e-02 5.987205318026084244e-02 9.519190456970512415e-02 1.660070588830917515e-01 6.812517011903397590e-02 1.073769077127541688e-01 6.685993073391913524e-03
5.012155303830847369e-02 5.538381621937874671e-02 8.740755087286652958e-02 1.567942417396402943e-01 6.553837684565572141e-02 1.026960656452692855e-01 6.385528998011382427e-03
4.759722761806388369e-02 5.122117133138669870e-02 8.026251414035030785e-02 1.480518125622284908e-01 6.303338161426665087e-02 9.824420180069656783e-02 6.097478302842723914e-03
4.526181653026444679e-02 4.742060251276386529e-02 7.376822901149204803e-02 1.398665954774512554e-01 6.065151678595579604e-02 9.401356339406707896e-02 5.823876832653014646e-03
4.306443088879875758e-02 4.394102865113500012e-02 6.783373461975603091e-02 1.321379549879835857e-01 5.835023230369668773e-02 8.992724418190983782e-02 5.560219835967949303e-03
4.103053419180904132e-02 4.076112558988911200e-02 6.242070421792433182e-02 1.248203638593021192e-01 5.613003783937590280e-02 8.606739687160253061e-02 5.312852247606125559e-03
3.911609789277067234e-02 3.785410662715797681e-02 5.751997707421222655e-02 1.178815795459296628e-01 5.395657028057323362e-02 8.230771928898855672e-02 5.074594933107323159e-03
3.732603658880977865e-02 3.516578105842741581e-02 5.302702663235515923e-02 1.114353962682059079e-01 5.191333376557137613e-02 7.877095327397819202e-02 4.845216793456967076e-03
3.564887399208194890e-02 3.272064294719751604e-02 4.893977743889965648e-02 1.053343551575866843e-01 4.993886358505753020e-02 7.535868206426224458e-02 4.626758164326455133e-03
