9.999999999999998890e-01 9.999999999999995559e-01 9.999999999999998890e-01 9.999999999999998890e-01 9.999999999999986677e-01 9.999999999999998890e-01
9.872147919359920420e-01 9.870357619911617197e-01 9.874356580045677845e-01 9.945359058158134147e-01 9.877515043661309058e-01 9.870634921374696891e-01
9.748657156245049693e-01 9.748397882759197719e-01 9.756743210111016307e-01 9.893798372431670263e-01 9.743693831732750388e-01 9.746792787992794027e-01
9.628686913815692749e-01 9.629100404822191761e-01 9.628002928966680196e-01 9.845221388549703079e-01 9.621483501298473406e-01 9.607381925847336968e-01
9.499843791241797675e-01 9.490768619330536282e-01 9.524656527893243796e-01 9.778140818858505057e-01 9.493772791610368689e-01 9.489120405143540715e-01
9.380429770347022966e-01 9.401696038999598493e-01 9.377867425034075444e-01 9.738945164492711637e-01 9.397074931713559343e-01 9.395642284247178733e-01
9.272376968399486108e-01 9.238701240055522401e-01 9.277915223043139425e-01 9.672166377860653697e-01 9.257303629655259103e-01 9.257618072950674071e-01
9.139250444512080351e-01 9.151112567407003739e-01 9.155938061676045514e-01 9.623726332949860129e-01 9.176740822029875178e-01 9.185186679669740117e-01
9.077600906593211727e-01 9.063359620329451971e-01 9.087885173391011540e-01 9.589410525065030777e-01 9.055697260353557931e-01 9.050179310716091052e-01
8.916685660730818697e-01 8.952049196546441046e-01 8.936400189298630004e-01 9.528142388140876662e-01 8.919029100861646242e-01 8.938698044307352708e-01
8.805874079893576400e-01 8.825490915669015335e-01 8.831805944681113685e-01 9.478622169315035206e-01 8.810438821778647789e-01 8.855125239628148792e-01
