3.739984185795376670e-02 3.872719322379739038e-02 2.992843519478423624e-03 5.488499522538753568e-03 1.953412230300647090e-01 5.743450645802494585e-03 5.363000088614336934e-03
3.653093071492569122e-02 3.699967070474202008e-02 2.742369969216302411e-03 4.775709322690569088e-03 1.713672563938253290e-01 5.241632580664851680e-03 4.979890237766091375e-03
3.567861705359738622e-02 3.531568086830163405e-02 2.509840671640721933e-03 4.157053810265669627e-03 1.505029969468843765e-01 4.792606678538703993e-03 4.626965556035349952e-03
3.486708271524670971e-02 3.373176461540096371e-02 2.298829771262546080e-03 3.617845556228833134e-03 1.322144036389328869e-01 4.394270383660943760e-03 4.308622052461623386e-03
3.407414154805100265e-02 3.222860834656722517e-02 2.105831997643991572e-03 3.151580835881126648e-03 1.162498660771390246e-01 4.011792143910641352e-03 3.995155559444018255e-03
3.329385098419403860e-02 3.079258457129687571e-02 1.929120670717042333e-03 2.744962442242526116e-03 1.023486972677557089e-01 3.685815575917616820e-03 3.729520521340875909e-03
3.256390286242196591e-02 2.944124266196786535e-02 1.768502328716173777e-03 2.393879087808481639e-03 9.020064673173833203e-02 3.380480439143909548e-03 3.475000218082461602e-03
3.185173300705514826e-02 2.814859147741523293e-02 1.620530302803348168e-03 2.086742446107722315e-03 7.951224314140063754e-02 3.112124184144176436e-03 3.242509350413858710e-03
3.116690444442557148e-02 2.692907044457761370e-02 1.487034291187765448e-03 1.823040147707856743e-03 7.024353904188390674e-02 2.860395175375638008e-03 3.023600295293844917e-03
3.050610563449868487e-02 2.576072300563403417e-02 1.363722901883119773e-03 1.591018297277483912e-03 6.202124036851417582e-02 2.637948164640429530e-03 2.827564279709652000e-03
2.986402113099577080e-02 2.465192029558732276e-02 1.251547058724228161e-03 1.389980020482877191e-03 5.485256665190690883e-02 2.433219133608147903e-03 2.644230143426543663e-03
