3.819595048234353946e-02 1.991219235311636748e-01 2.073044014974649296e-01 1.008336245181238600e-01 4.464664130825884980e-03 2.036262653333387011e-03 1.391980647326384679e-03
3.709273190904855549e-02 1.903656077000448754e-01 1.959603777396521640e-01 9.485445228757470593e-02 4.197417738127561838e-03 1.912530176469910692e-03 1.312532066331862247e-03
3.603636097611898764e-02 1.819519532509545068e-01 1.852217664462945945e-01 8.926381524660498279e-02 3.948508843963038223e-03 1.796978867105867217e-03 1.236582700082764505e-03
3.500741325819602817e-02 1.738573924615491872e-01 1.750676886781473152e-01 8.401083046471423399e-02 3.716559426916369365e-03 1.690162139754622199e-03 1.166249466170558380e-03
3.404343255083289860e-02 1.662935033401376772e-01 1.656255259984636408e-01 7.911116632580303398e-02 3.499924188997890432e-03 1.590236646303652170e-03 1.101005539202242487e-03
3.310515199948418225e-02 1.590125303536009671e-01 1.567323385360013532e-01 7.454923426337652093e-02 3.296763743286271805e-03 1.496151663809425431e-03 1.039222451521979547e-03
3.219544157750507674e-02 1.520396651585972647e-01 1.484130996484361309e-01 7.030274222744031798e-02 3.109505777246554699e-03 1.410074872706071130e-03 9.816765862653044350e-04
3.133598876053538679e-02 1.454357545482664882e-01 1.406577218480858926e-01 6.638435224900376963e-02 2.932502206273670912e-03 1.328200674376141819e-03 9.281393830711711637e-04
3.049669109529436553e-02 1.391579381276404903e-01 1.332746478991359562e-01 6.262228619828816290e-02 2.768667652357300387e-03 1.252675821280550481e-03 8.776591078214970995e-04
2.969632009957883303e-02 1.331764585940146683e-01 1.263910918817842954e-01 5.914704402608685768e-02 2.613503797208526717e-03 1.181609895826433347e-03 8.305624153511465642e-04
2.891983973906937441e-02 1.274203385698107482e-01 1.199248471359749268e-01 5.590840723270564666e-02 2.469543921968512645e-03 1.115063148171448540e-03 7.859656343956546208e-04
