4.669874201854445558e-03 1.548300054007011170e-03 1.922804849586025044e-01 2.411020243053255407e-01 5.896506486908772299e-02 1.665998142062945220e-02 5.364642295009033196e-02
2.845674989461224619e-03 8.650622314015099252e-04 1.303571552694443025e-01 1.620805477111346427e-01 3.866053650555462823e-02 1.149482068703910898e-02 3.810737154268211552e-02
1.746271273852075326e-03 4.797404909141189644e-04 8.836745230978838850e-02 1.089969423758806316e-01 2.534110784792106483e-02 7.926330411312281637e-03 2.707465398480032176e-02
1.084711491063351579e-03 2.653412468900489250e-04 5.980555452765459051e-02 7.317737640232822860e-02 1.657601346757809138e-02 5.453457219519525917e-03 1.918347358459434465e-02
6.810813012906965407e-04 1.464295985207498380e-04 4.054557805694950640e-02 4.922220862537560887e-02 1.086961797816755372e-02 3.765866636774510383e-03 1.365885127489712032e-02
4.349654994853687493e-04 8.071571134032999855e-05 2.759230473074373441e-02 3.322566111472498307e-02 7.128241422690634668e-03 2.592684333305929779e-03 9.699342006293798502e-03
2.793637448821384753e-04 4.440403988972573587e-05 1.868829136628140028e-02 2.233250486610881269e-02 4.665166417422418783e-03 1.788868644122488735e-03 6.898354374382275819e-03
1.820595439382982519e-04 2.441074887540928067e-05 1.271379558049616151e-02 1.507553317338933274e-02 3.062422565972615536e-03 1.233833401070011772e-03 4.911135218025276285e-03
1.195483602565052520e-04 1.339611972808459227e-05 8.641714294344713526e-03 1.017079925039457260e-02 2.005880224719579132e-03 8.496193735640149248e-04 3.485383679138353945e-03
7.901229957966162353e-05 7.331843651213163354e-06 5.871358345849494141e-03 6.860709221542698674e-03 1.314974969313268977e-03 5.864591178873967883e-04 2.483660549400807348e-03
5.254272974251715913e-05 4.011493847692001210e-06 3.993255343250615673e-03 4.633531741051075299e-03 8.624299905184304666e-04 4.033331379726003271e-04 1.766008224993813845e-03
