6.701345467921730054e-03 4.399995666868424665e-02 1.272050775918368293e-01 7.477780983713408491e-02 1.048558208472379939e-02 2.002558608943281332e-02 3.402393628619324734e-02
4.817576636894787406e-03 3.187906755114615354e-02 9.120290302330237575e-02 5.376919245812009085e-02 7.619499511750342687e-03 1.449740005382524344e-02 2.464048179283688869e-02
3.453734895160127851e-03 2.320906674685434962e-02 6.549880045974151854e-02 3.866892541837076147e-02 5.535380084865627881e-03 1.050799667711632517e-02 1.785300264980093851e-02
2.475007018112063487e-03 1.685901472230571380e-02 4.703654787522885961e-02 2.782301634265738413e-02 4.024594003194717322e-03 7.610252834723502634e-03 1.292398302515931734e-02
1.769872090406953433e-03 1.225453991379485928e-02 3.376265552957648935e-02 2.000690343395268231e-02 2.923297130750748384e-03 5.508931768162275873e-03 9.349946616276612679e-03
1.260746538860216519e-03 8.910197917138019952e-03 2.424117158673454869e-02 1.440274032231084016e-02 2.124767959062628421e-03 3.994564607973643579e-03 6.772146145097275929e-03
8.996706391993508764e-04 6.478020761418709465e-03 1.740928791710680615e-02 1.036773387184562918e-02 1.546235652369285082e-03 2.898626245684390434e-03 4.908024900000724534e-03
6.396851101889207847e-04 4.713224804651451605e-03 1.249762437603766860e-02 7.461792068946869992e-03 1.125573064747480319e-03 2.102489763479931106e-03 3.553744834967838533e-03
4.533141848597910121e-04 3.425598836678604188e-03 8.966825843011162062e-03 5.372126554919628982e-03 8.186791410021520112e-04 1.526653932257725872e-03 2.575746700348859920e-03
3.198449203100184150e-04 2.495025977183448415e-03 6.440074203771722211e-03 3.869136357056206232e-03 5.954987237676434434e-04 1.108477943503440380e-03 1.865906505429465066e-03
2.256379708670833368e-04 1.819400047423064054e-03 4.628524655823307299e-03 2.786854518711375135e-03 4.337264269635106632e-04 8.051281443002628263e-04 1.351824744465907925e-03
