3.643160253167111035e-02 6.945637554218195286e-02 1.704552358043376001e-02 9.973418600761663894e-03 2.027503352565537265e-01 1.217835812701117543e-01 4.466020436682076322e-02
3.189793878900442498e-02 6.012799705333726763e-02 1.565977868140189591e-02 9.489001542193169214e-03 1.894970262821990548e-01 1.155142771946597036e-01 4.307325512912532628e-02
2.794010524302338941e-02 5.207823969785782547e-02 1.439961819507828630e-02 9.040562716397750401e-03 1.771702156893968649e-01 1.096656116068471659e-01 4.157384462741683939e-02
2.448360261820418937e-02 4.512865955902421733e-02 1.325216684625320912e-02 8.624106355188856932e-03 1.657007642692455984e-01 1.042047762305841341e-01 4.015658901026600974e-02
2.146374612477579269e-02 3.912613787794765041e-02 1.220603011253030418e-02 8.236157784599082779e-03 1.550250217316792856e-01 9.910173464410373945e-02 3.881646182672677386e-02
1.882434857094139255e-02 3.393922822682051560e-02 1.125110790371825972e-02 7.873693245831413570e-03 1.450843648545654396e-01 9.432897628346412211e-02 3.754876892486720685e-02
1.651658351004151037e-02 2.945503898774167947e-02 1.037843320301946523e-02 7.534079190986820058e-03 1.358247766827774261e-01 8.986129309871715432e-02 3.634912519212227938e-02
1.449800333746331486e-02 2.557657144900190443e-02 9.580032182372718100e-03 7.215019771582059996e-03 1.271964629337078712e-01 8.567557670875211584e-02 3.521343299748797701e-02
1.273169081488543034e-02 2.222044587937786406e-02 8.848802805900545312e-03 6.914511412581956368e-03 1.191535021436997271e-01 8.175063411209636255e-02 3.413786220653936693e-02
1.118552554648872925e-02 1.931495813974520859e-02 8.178409363321214459e-03 6.630803515308802791e-03 1.116535264293392476e-01 7.806702020055934776e-02 3.311883165032790399e-02
9.831549539071114327e-03 1.679841802839218343e-02 7.563190740382804561e-03 6.362364462467587356e-03 1.046574300419680359e-01 7.460688549358930610e-02 3.215299193846304221e-02
