8.009344547574924478e-03 9.505726888007987388e-03 4.110367566967270542e-02 1.314490021411665772e-02 5.277719141147548670e-02 1.891826609274085136e-01 4.130622096736134841e-02
7.412361885246479543e-03 8.911197552969082891e-03 3.593985846998459105e-02 1.143167706813133684e-02 4.634404616855595377e-02 1.623582485541630038e-01 3.751245639053087111e-02
6.866484309399190251e-03 8.364027222027963296e-03 3.152277174110119928e-02 9.967800536787953247e-03 4.078408380607304040e-02 1.397578579535932175e-01 3.419179079081656469e-02
6.361438264628798550e-03 7.852563373250598736e-03 2.769221866940686436e-02 8.695718624498702601e-03 3.594313367002716780e-02 1.204611194816553460e-01 3.125123637177870672e-02
5.893659027192669000e-03 7.374408774654075092e-03 2.437722910226393022e-02 7.594796337330646935e-03 3.170237405711141820e-02 1.039639209530831554e-01 2.861532205664287995e-02
5.463944574635320323e-03 6.931551408590727430e-03 2.150085643409829772e-02 6.645290178910209442e-03 2.803209143480306711e-02 8.990775252198346390e-02 2.628365666344880530e-02
5.066376918095683718e-03 6.516229003128511457e-03 1.899329936997090976e-02 5.812868706317880600e-03 2.477579469454675026e-02 7.779071799605373483e-02 2.414652533800834902e-02
4.697608637579048403e-03 6.128007373110948806e-03 1.681422782526987084e-02 5.097509488674025792e-03 2.195946250183191187e-02 6.745053414908040723e-02 2.223607631540143112e-02
4.357434268435955195e-03 5.767932863975851719e-03 1.492070061418920499e-02 4.472126592884177396e-03 1.946885420503239456e-02 5.856794540046966757e-02 2.050635136566280464e-02
4.044252791618088705e-03 5.431650711663317359e-03 1.327583547205950058e-02 3.929443373976780444e-03 1.728767078618068803e-02 5.096875609890265391e-02 1.892542229433024151e-02
3.754494853010086324e-03 5.116477033577276727e-03 1.183326102426620480e-02 3.456395229438288374e-03 1.536214869351257457e-02 4.439432722300899054e-02 1.748003484687500955e-02
