7.330088739735388624e-03 1.173244147933961423e-01 7.358418394876335700e-02 1.860993242241706924e-01 1.133011452431875593e-01 7.028396327627509099e-02 5.876881747729315042e-02
7.000115846806840257e-03 1.122616724201601357e-01 7.082490919345443836e-02 1.757284633496994097e-01 1.037858176904633972e-01 6.484180760250510267e-02 5.567868595078181992e-02
6.684691413682038695e-03 1.073786797263261983e-01 6.812706360034834208e-02 1.659142383007091159e-01 9.519919230895780571e-02 5.987816912117889523e-02 5.276875123101341936e-02
6.386233995532961463e-03 1.027325728452456455e-01 6.555031910448928800e-02 1.567885485419785729e-01 8.741301766766379489e-02 5.535179950524112685e-02 5.008853208999623774e-02
6.098381690650489864e-03 9.827163087492564453e-02 6.303920263319358341e-02 1.480235272733179952e-01 8.024577365131976836e-02 5.121500497481484837e-02 4.758555339133014456e-02
5.826467984061996057e-03 9.402046441793319997e-02 6.063920031159513585e-02 1.398310373988328192e-01 7.376768523927051957e-02 4.742236685335538687e-02 4.525676420101144848e-02
5.564053720197341228e-03 8.998540921757905431e-02 5.836129837970258083e-02 1.321561174240028502e-01 6.788028010571713067e-02 4.396736831248797273e-02 4.308271236925104164e-02
5.312105461796559451e-03 8.604820499249814236e-02 5.610662709417051780e-02 1.248062730846028895e-01 6.246979614257951868e-02 4.078687106339473623e-02 4.104017987373392851e-02
5.073491600641531589e-03 8.235822776524849564e-02 5.399481576182040693e-02 1.179251477720167918e-01 5.751919437287335291e-02 3.785037673491061655e-02 3.912113827297473284e-02
4.845898979302247327e-03 7.875339342399614861e-02 5.191476753602566885e-02 1.114583126929002410e-01 5.302929339510447510e-02 3.516744411740559823e-02 3.732270839473732921e-02
4.629202049742786075e-03 7.538891472084278955e-02 4.992001314217844876e-02 1.052658995297064554e-01 4.889458842102274022e-02 3.269044506346682061e-02 3.563677778062983303e-02
