3.399150858848300899e-02 2.001086702772943149e-02 1.067719628065906014e-02 7.733348012541713112e-02 1.331137347494321943e-01 4.628957721807735320e-02 7.263074203564969140e-03
2.463059641532680880e-02 1.449055040141975642e-02 8.204953892998587475e-03 6.202048660236583744e-02 1.108029589586511793e-01 3.961269449354866412e-02 6.731270507554509841e-03
1.780036400721233744e-02 1.046546600564027089e-02 6.297766004542204935e-03 4.969118957884181842e-02 9.213095165474398385e-02 3.385719635156055757e-02 6.240999350446828353e-03
1.293977501901323948e-02 7.607731767390261100e-03 4.850431425974420334e-03 3.991973039588602584e-02 7.674072471184038846e-02 2.896668591605724985e-02 5.788107293053196094e-03
9.359606817942124971e-03 5.499897937299233139e-03 3.724900875390969954e-03 3.200156481263172897e-02 6.386964937433467493e-02 2.477666172176624590e-02 5.366692202678078477e-03
6.770258370079566303e-03 3.977618992443852398e-03 2.863337716385509161e-03 2.568959307658397889e-02 5.322452695400185091e-02 2.120421573842822677e-02 4.977206745361482249e-03
4.909012699605545295e-03 2.883961472381641172e-03 2.202265779548386038e-03 2.060562499260855385e-02 4.428805514755547457e-02 1.812521440163796307e-02 4.618681174616722472e-03
3.554275636565056278e-03 2.087355752567497408e-03 1.695195733066911462e-03 1.656038281869722309e-02 3.693892367479426758e-02 1.551576311187547255e-02 4.282547242262898374e-03
2.574318024451162368e-03 1.511315836298619819e-03 1.302805063157028197e-03 1.329763077536520559e-02 3.081129107390940397e-02 1.328275428304088145e-02 3.975318358131090142e-03
1.865645432625905563e-03 1.095340597721323811e-03 1.003118797349564955e-03 1.067777178470607352e-02 2.569004333372964730e-02 1.137351741390917569e-02 3.689863735340602469e-03
1.348300631443630866e-03 7.915106944176767247e-04 7.707671303415098308e-04 8.570102475419304200e-03 2.140455867651359229e-02 9.720623523946921724e-03 3.419195215368944340e-03
