5.364435107517889767e-02 1.686775710581166904e-02 6.105880825720964855e-02 2.482208249217945917e-01 1.973229666081237899e-01 1.662602506358477937e-03 4.967748937968654264e-03
3.802420627509350143e-02 1.207263385648840552e-02 4.447283261844602043e-02 1.817461118434530176e-01 1.440935863941637252e-01 1.144729033198455632e-03 3.613675702216327407e-03
2.698120852409048934e-02 8.648986946012298879e-03 3.242135504470387147e-02 1.330379916748007652e-01 1.051859473432880804e-01 7.858711095377329944e-04 2.626740138433804155e-03
1.910021618331078294e-02 6.182326128319427273e-03 2.361272630750388402e-02 9.725933767012300002e-02 7.667626453215267701e-02 5.371768317162265924e-04 1.909821277742864646e-03
1.355386604464049564e-02 4.430136689215526981e-03 1.719896734978008240e-02 7.133620396608519876e-02 5.614817545379778563e-02 3.678848016425151899e-04 1.394882067643150262e-03
9.614003212912346913e-03 3.172877431876737660e-03 1.254485490981962353e-02 5.225142873184653036e-02 4.103340395234590654e-02 2.505327835479069292e-04 1.015347287864591750e-03
6.832205506448895890e-03 2.277210273736939797e-03 9.150589254087900665e-03 3.828587385355015221e-02 3.000484340697136265e-02 1.706579336439157356e-04 7.419320181498285883e-04
4.842077374519861491e-03 1.630028033073377316e-03 6.665417290308718774e-03 2.801442137579831723e-02 2.191340307765049511e-02 1.156349148907330487e-04 5.415395037152561991e-04
3.433572422552556066e-03 1.167418436097119499e-03 4.864762990003752494e-03 2.056299092833745873e-02 1.606143216002105939e-02 7.796924695915248061e-05 3.958359859524398431e-04
2.436347342979164332e-03 8.368487685548951348e-04 3.548668252734154399e-03 1.506328800547648318e-02 1.174484071694605059e-02 5.260796316459798400e-05 2.902626411697275068e-04
1.727857846231881187e-03 5.996335573982539873e-04 2.587580041215958946e-03 1.104000207766082930e-02 8.597299308048865149e-03 3.525783967617907645e-05 2.125082459093300140e-04
