1.000000000000000000e+00 1.000000000000000000e+00 1.000000000000000000e+00 1.000000000000000000e+00 1.000000000000000000e+00 1.000000000000000000e+00 1.000000000000000000e+00
9.549925860214595330e-01 9.120108393559273052e-01 9.120108393559273052e-01 9.120108393559273052e-01 9.120108393559273052e-01 9.120108393559273052e-01 9.120108393559273052e-01
9.120108393559273052e-01 8.317637711026817371e-01 8.317637711026817371e-01 8.317637711026817371e-01 8.317637711026817371e-01 8.317637711026817371e-01 8.317637711026817371e-01
8.709635899560891348e-01 7.585775750291907649e-01 7.585775750291907649e-01 7.585775750291907649e-01 7.585775750291907649e-01 7.585775750291907649e-01 7.585775750291907649e-01
8.317637711026817371e-01 6.918309709189276457e-01 6.918309709189276457e-01 6.918309709189276457e-01 6.918309709189276457e-01 6.918309709189276457e-01 6.918309709189276457e-01
7.943282347242762720e-01 6.309573444801829245e-01 6.309573444801829245e-01 6.309573444801829245e-01 6.309573444801829245e-01 6.309573444801829245e-01 6.309573444801829245e-01
7.585775750291907649e-01 5.754399373371472670e-01 5.754399373371472670e-01 5.754399373371472670e-01 5.754399373371472670e-01 5.754399373371472670e-01 5.754399373371472670e-01
7.244359600749785688e-01 5.248074602497617702e-01 5.248074602497617702e-01 5.248074602497617702e-01 5.248074602497617702e-01 5.248074602497617702e-01 5.248074602497617702e-01
6.918309709189275347e-01 4.786300923226434190e-01 4.786300923226434190e-01 4.786300923226434190e-01 4.786300923226434190e-01 4.786300923226434190e-01 4.786300923226434190e-01
6.606934480075866700e-01 4.365158322401620494e-01 4.365158322401620494e-01 4.365158322401620494e-01 4.365158322401620494e-01 4.365158322401620494e-01 4.365158322401620494e-01
6.309573444801829245e-01 3.981071705534910410e-01 3.981071705534910410e-01 3.981071705534910410e-01 3.981071705534910410e-01 3.981071705534910410e-01 3.981071705534910410e-01
